z = Math.pow(Math.abs(Math.pow(x,2) - y , 1/3f)) * Math.sin(y) + 3*x - 4*y
x ∈ [-7;-2] с шагом 0,1. y ∈ [-1;4] с шагом 0,2.
-20,1000 -20,4392 -20,6746 -20,8289 -20,9280 -21,0000 -21,0740 -21,1789 -21,3423 -21,5893 -21,9419 -22,4175 -23,0286 -23,7825 -24,6806 -25,7185 -26,8864 -28,1693 -29,5476 -30,9980 -32,4944 -34,0089 -35,5130 -36,9786 -38,3795 
-19,7710 -20,1144 -20,3550 -20,5153 -20,6211 -20,7000 -20,7810 -20,8926 -21,0622 -21,3147 -21,6717 -22,1506 -22,7637 -23,5182 -24,4155 -25,4512 -26,6156 -27,8937 -29,2663 -30,7102 -32,1995 -33,7067 -35,2036 -36,6624 -38,0570 
-19,4419 -19,7895 -20,0354 -20,2017 -20,3141 -20,4000 -20,4880 -20,6063 -20,7822 -21,0402 -21,4017 -21,8839 -22,4990 -23,2541 -24,1506 -25,1840 -26,3449 -27,6183 -28,9851 -30,4224 -31,9047 -33,4046 -34,8942 -36,3460 -37,7342 
-19,1126 -19,4645 -19,7156 -19,8881 -20,0071 -20,1000 -20,1950 -20,3201 -20,5022 -20,7658 -21,1318 -21,6173 -22,2345 -22,9902 -23,8858 -24,9171 -26,0743 -27,3430 -28,7040 -30,1347 -31,6099 -33,1024 -34,5847 -36,0295 -37,4114 
-18,7832 -19,1394 -19,3958 -19,5744 -19,7001 -19,8000 -19,9020 -20,0340 -20,2224 -20,4915 -20,8621 -21,3510 -21,9702 -22,7266 -23,6213 -24,6503 -25,8040 -27,0678 -28,4230 -29,8471 -31,3151 -32,8002 -34,2751 -35,7129 -37,0883 
-18,4537 -18,8142 -19,0759 -19,2606 -19,3930 -19,5000 -19,6091 -19,7480 -19,9428 -20,2174 -20,5925 -21,0848 -21,7061 -22,4631 -23,3570 -24,3838 -25,5338 -26,7928 -28,1422 -29,5596 -31,0204 -32,4980 -33,9655 -35,3962 -36,7651 
-18,1240 -18,4888 -18,7558 -18,9467 -19,0859 -19,2000 -19,3163 -19,4620 -19,6632 -19,9434 -20,3232 -20,8189 -21,4422 -22,1998 -23,0930 -24,1174 -25,2639 -26,5180 -27,8614 -29,2722 -30,7257 -32,1958 -33,6558 -35,0793 -36,4418 
-17,7942 -18,1633 -18,4357 -18,6328 -18,7788 -18,9000 -19,0235 -19,1761 -19,3837 -19,6696 -20,0540 -20,5531 -21,1785 -21,9368 -22,8291 -23,8513 -24,9941 -26,2433 -27,5808 -28,9849 -30,4311 -31,8936 -33,3460 -34,7624 -36,1183 
-17,4643 -17,8377 -18,1155 -18,3188 -18,4717 -18,6000 -18,7307 -18,8903 -19,1044 -19,3959 -19,7850 -20,2875 -20,9151 -21,6740 -22,5655 -23,5854 -24,7245 -25,9688 -27,3004 -28,6976 -30,1365 -31,5914 -33,0362 -34,4453 -35,7945 
-17,1342 -17,5119 -17,7951 -18,0047 -18,1644 -18,3000 -18,4379 -18,6046 -18,8251 -19,1224 -19,5161 -20,0222 -20,6519 -21,4114 -22,3021 -23,3197 -24,4551 -25,6945 -27,0200 -28,4104 -29,8419 -31,2891 -32,7263 -34,1281 -35,4706 
-16,8040 -17,1861 -17,4747 -17,6906 -17,8572 -18,0000 -18,1452 -18,3189 -18,5460 -18,8490 -19,2475 -19,7571 -20,3889 -21,1491 -22,0389 -23,0542 -24,1859 -25,4204 -26,7399 -28,1233 -29,5474 -30,9869 -32,4163 -33,8107 -35,1466 
-16,4736 -16,8601 -17,1542 -17,3764 -17,5499 -17,7000 -17,8526 -18,0334 -18,2670 -18,5758 -18,9790 -19,4921 -20,1261 -20,8870 -21,7760 -22,7890 -23,9170 -25,1464 -26,4598 -27,8364 -29,2529 -30,6846 -32,1063 -33,4933 -34,8223 
-16,1430 -16,5339 -16,8335 -17,0621 -17,2426 -17,4000 -17,5599 -17,7479 -17,9882 -18,3028 -18,7108 -19,2275 -19,8636 -20,6252 -21,5134 -22,5240 -23,6482 -24,8727 -26,1799 -27,5495 -28,9584 -30,3823 -31,7961 -33,1756 -34,4978 
-15,8123 -16,2077 -16,5128 -16,7477 -16,9352 -17,1000 -17,2674 -17,4625 -17,7094 -18,0299 -18,4428 -18,9630 -19,6013 -20,3637 -21,2510 -22,2593 -23,3797 -24,5991 -25,9002 -27,2627 -28,6640 -30,0799 -31,4859 -32,8578 -34,1731 
-15,4815 -15,8813 -16,1919 -16,4332 -16,6278 -16,8000 -16,9748 -17,1772 -17,4308 -17,7572 -18,1749 -18,6988 -19,3393 -20,1024 -20,9889 -21,9948 -23,1115 -24,3257 -25,6206 -26,9760 -28,3696 -29,7776 -31,1756 -32,5399 -33,8482 
-15,1505 -15,5547 -15,8709 -16,1187 -16,3204 -16,5000 -16,6823 -16,8920 -17,1524 -17,4847 -17,9073 -18,4348 -19,0776 -19,8414 -20,7271 -21,7306 -22,8435 -24,0526 -25,3412 -26,6895 -28,0753 -29,4752 -30,8652 -32,2218 -33,5230 
-14,8193 -15,2280 -15,5498 -15,8041 -16,0129 -16,2000 -16,3899 -16,6069 -16,8741 -17,2124 -17,6399 -18,1711 -18,8162 -19,5807 -20,4655 -21,4667 -22,5757 -23,7796 -25,0619 -26,4030 -27,7811 -29,1728 -30,5547 -31,9035 -33,1976 
-14,4879 -14,9012 -15,2286 -15,4894 -15,7054 -15,9000 -16,0975 -16,3219 -16,5959 -16,9403 -17,3728 -17,9077 -18,5550 -19,3203 -20,2043 -21,2031 -22,3082 -23,5069 -24,7829 -26,1167 -27,4869 -28,8704 -30,2441 -31,5851 -32,8720 
-14,1564 -14,5742 -14,9072 -15,1746 -15,3978 -15,6000 -15,8052 -16,0370 -16,3179 -16,6683 -17,1059 -17,6445 -18,2941 -19,0602 -19,9434 -20,9398 -22,0410 -23,2345 -24,5040 -25,8305 -27,1927 -28,5680 -29,9334 -31,2664 -32,5461 
-13,8247 -14,2470 -14,5857 -14,8597 -15,0901 -15,3000 -15,5129 -15,7521 -16,0400 -16,3966 -16,8392 -17,3816 -18,0336 -18,8004 -19,6828 -20,6768 -21,7741 -22,9622 -24,2253 -25,5444 -26,8986 -28,2655 -29,6226 -30,9476 -32,2199 
-13,4929 -13,9197 -14,2641 -14,5447 -14,7825 -15,0000 -15,2206 -15,4674 -15,7623 -16,1251 -16,5728 -17,1190 -17,7734 -18,5410 -19,4225 -20,4141 -21,5074 -22,6903 -23,9468 -25,2585 -26,6046 -27,9631 -29,3117 -30,6286 -31,8934 
-13,1608 -13,5922 -13,9424 -14,2296 -14,4747 -14,7000 -14,9285 -15,1828 -15,4847 -15,8537 -16,3066 -16,8567 -17,5134 -18,2819 -19,1626 -20,1517 -21,2411 -22,4186 -23,6686 -24,9727 -26,3106 -27,6606 -29,0006 -30,3093 -31,5666 
-12,8286 -13,2646 -13,6205 -13,9145 -14,1669 -14,4000 -14,6363 -14,8984 -15,2074 -15,5827 -16,0407 -16,5947 -17,2539 -18,0231 -18,9030 -19,8897 -20,9751 -22,1472 -23,3905 -24,6871 -26,0167 -27,3580 -28,6895 -29,9899 -31,2395 
-12,4961 -12,9368 -13,2985 -13,5992 -13,8591 -14,1000 -14,3443 -14,6140 -14,9302 -15,3118 -15,7751 -16,3331 -16,9947 -17,7648 -18,6439 -19,6281 -20,7094 -21,8760 -23,1127 -24,4016 -25,7228 -27,0555 -28,3782 -29,6702 -30,9121 
-12,1635 -12,6088 -12,9764 -13,2838 -13,5512 -13,8000 -14,0522 -14,3297 -14,6532 -15,0412 -15,5098 -16,0717 -16,7358 -17,5068 -18,3851 -19,3668 -20,4441 -21,6052 -22,8351 -24,1163 -25,4291 -26,7529 -28,0667 -29,3502 -30,5843 
-11,8307 -12,2807 -12,6541 -12,9684 -13,2433 -13,5000 -13,7603 -14,0456 -14,3763 -14,7708 -15,2448 -15,8108 -16,4774 -17,2492 -18,1267 -19,1060 -20,1792 -21,3347 -22,5578 -23,8311 -25,1354 -26,4502 -27,7551 -29,0300 -30,2561 
-11,4977 -11,9524 -12,3317 -12,6528 -12,9353 -13,2000 -13,4684 -13,7616 -14,0997 -14,5007 -14,9801 -15,5502 -16,2193 -16,9921 -17,8688 -18,8456 -19,9146 -21,0646 -22,2808 -23,5461 -24,8418 -26,1476 -27,4434 -28,7095 -29,9275 
-11,1645 -11,6239 -12,0091 -12,3371 -12,6272 -12,9000 -13,1766 -13,4777 -13,8232 -14,2309 -14,7157 -15,2899 -15,9617 -16,7354 -17,6113 -18,5856 -19,6505 -20,7948 -22,0040 -23,2614 -24,5482 -25,8449 -27,1315 -28,3887 -29,5985 
-10,8311 -11,2952 -11,6863 -12,0213 -12,3191 -12,6000 -12,8848 -13,1940 -13,5470 -13,9613 -14,4517 -15,0301 -15,7045 -16,4791 -17,3543 -18,3260 -19,3868 -20,5253 -21,7275 -22,9768 -24,2548 -25,5421 -26,8194 -28,0676 -29,2690 
-10,4975 -10,9663 -11,3634 -11,7054 -12,0109 -12,3000 -12,5931 -12,9104 -13,2710 -13,6920 -14,1881 -14,7706 -15,4477 -16,2234 -17,0978 -18,0670 -19,1235 -20,2563 -21,4514 -22,6924 -23,9614 -25,2394 -26,5071 -27,7461 -28,9391 
-10,1637 -10,6373 -11,0404 -11,3894 -11,7027 -12,0000 -12,3015 -12,6270 -12,9952 -13,4230 -13,9248 -14,5117 -15,1915 -15,9682 -16,8418 -17,8085 -18,8607 -19,9877 -21,1756 -22,4083 -23,6682 -24,9365 -26,1946 -27,4243 -28,6085 
-9,8296 -10,3080 -10,7172 -11,0732 -11,3944 -11,7000 -12,0099 -12,3437 -12,7196 -13,1544 -13,6618 -14,2531 -14,9357 -15,7135 -16,5863 -17,5505 -18,5985 -19,7195 -20,9001 -22,1244 -23,3750 -24,6337 -25,8819 -27,1020 -28,2775 
-9,4953 -9,9785 -10,3938 -10,7570 -11,0860 -11,4000 -11,7185 -12,0606 -12,4443 -12,8860 -13,3993 -13,9951 -14,6805 -15,4594 -16,3315 -17,2931 -18,3367 -19,4519 -20,6251 -21,8408 -23,0820 -24,3308 -25,5690 -26,7794 -27,9458 
-9,1609 -9,6489 -10,0702 -10,4406 -10,7776 -11,1000 -11,4271 -11,7776 -12,1693 -12,6180 -13,1373 -13,7375 -14,4259 -15,2058 -16,0773 -17,0363 -18,0756 -19,1847 -20,3504 -21,5575 -22,7891 -24,0278 -25,2558 -26,4562 -27,6134 
-8,8261 -9,3190 -9,7465 -10,1240 -10,4690 -10,8000 -11,1358 -11,4948 -11,8945 -12,3504 -12,8757 -13,4805 -14,1718 -14,9530 -15,8237 -16,7802 -17,8151 -18,9181 -20,0762 -21,2745 -22,4964 -23,7247 -24,9424 -26,1326 -27,2802 
-8,4912 -8,9889 -9,4225 -9,8074 -10,1605 -10,5000 -10,8445 -11,2122 -11,6200 -12,0831 -12,6145 -13,2240 -13,9184 -14,7008 -15,5709 -16,5248 -17,5552 -18,6521 -19,8025 -20,9918 -22,2038 -23,4216 -24,6286 -25,8084 -26,9462 
-8,1560 -8,6586 -9,0984 -9,4906 -9,8518 -10,2000 -10,5534 -10,9298 -11,3458 -11,8163 -12,3539 -12,9682 -13,6656 -14,4494 -15,3188 -16,2701 -17,2961 -18,3867 -19,5293 -20,7094 -21,9113 -23,1185 -24,3145 -25,4836 -26,6114 
-7,8206 -8,3281 -8,7741 -9,1736 -9,5430 -9,9000 -10,2624 -10,6475 -11,0719 -11,5499 -12,0938 -12,7130 -13,4136 -14,1987 -15,0676 -16,0163 -17,0378 -18,1220 -19,2567 -20,4275 -21,6191 -22,8152 -24,0000 -25,1580 -26,2754 
-7,4849 -7,9973 -8,4496 -8,8565 -9,2342 -9,6000 -9,9714 -10,3655 -10,7983 -11,2839 -11,8342 -12,4584 -13,1624 -13,9489 -14,8172 -15,7634 -16,7803 -17,8581 -18,9847 -20,1460 -21,3270 -22,5119 -23,6851 -24,8317 -25,9384 
-7,1490 -7,6663 -8,1249 -8,5393 -8,9253 -9,3000 -9,6806 -10,0837 -10,5251 -11,0184 -11,5753 -12,2046 -12,9120 -13,7000 -14,5678 -15,5115 -16,5238 -17,5951 -18,7134 -19,8650 -21,0352 -22,2084 -23,3697 -24,5046 -25,6000 
-6,8129 -7,3351 -7,8000 -8,2218 -8,6163 -9,0000 -9,3898 -9,8022 -10,2522 -10,7534 -11,3171 -11,9516 -12,6625 -13,4521 -14,3195 -15,2606 -16,2683 -17,3330 -18,4429 -19,5846 -20,7436 -21,9049 -23,0538 -24,1764 -25,2600 
-6,4765 -7,0037 -7,4749 -7,9043 -8,3072 -8,7000 -9,0992 -9,5208 -9,9797 -10,4890 -11,0595 -11,6994 -12,4140 -13,2053 -14,0724 -15,0109 -16,0139 -17,0719 -18,1733 -19,3048 -20,4523 -21,6012 -22,7373 -23,8470 -24,9183 
-6,1399 -6,6720 -7,1496 -7,5865 -7,9980 -8,4000 -8,8087 -9,2398 -9,7077 -10,2251 -10,8027 -11,4482 -12,1666 -12,9598 -13,8265 -14,7625 -15,7609 -16,8120 -17,9046 -19,0257 -20,1613 -21,2974 -22,4200 -23,5162 -24,5745 
-5,8030 -6,3401 -6,8241 -7,2686 -7,6887 -8,1000 -8,5183 -8,9590 -9,4361 -9,9619 -10,5467 -11,1979 -11,9203 -12,7155 -13,5820 -14,5156 -15,5092 -16,5535 -17,6371 -18,7474 -19,8707 -20,9934 -22,1019 -23,1838 -24,2281 
-5,4659 -6,0079 -6,4983 -6,9506 -7,3793 -7,8000 -8,2281 -8,6785 -9,1649 -9,6994 -10,2916 -10,9488 -11,6754 -12,4727 -13,3392 -14,2704 -15,2593 -16,2965 -17,3709 -18,4700 -19,5806 -20,6891 -21,7827 -22,8494 -23,8785 
-5,1286 -5,6755 -6,1724 -6,6323 -7,0698 -7,5000 -7,9380 -8,3983 -8,8943 -9,4376 -10,0375 -10,7009 -11,4319 -12,2316 -13,0982 -14,0271 -15,0113 -16,0413 -17,1063 -18,1938 -19,2910 -20,3847 -21,4623 -22,5124 -23,5248 
-4,7911 -5,3429 -5,8461 -6,3139 -6,7602 -7,2000 -7,6480 -8,1185 -8,6243 -9,1766 -9,7845 -10,4544 -11,1901 -11,9924 -12,8593 -13,7860 -14,7655 -15,7883 -16,8435 -17,9190 -19,0020 -20,0799 -21,1402 -22,1720 -23,1657 
-4,4533 -5,0100 -5,5197 -5,9952 -6,4505 -6,9000 -7,3583 -7,8390 -8,3549 -8,9165 -9,5327 -10,2095 -10,9502 -11,7554 -12,6228 -13,5476 -14,5224 -15,5379 -16,5831 -17,6460 -18,7140 -19,7746 -20,8159 -21,8271 -22,7988 
-4,1153 -4,6769 -5,1931 -5,6764 -6,1406 -6,6000 -7,0686 -7,5600 -8,0861 -8,6575 -9,2823 -9,9663 -10,7124 -11,5209 -12,3893 -13,3123 -14,2826 -15,2906 -16,3255 -17,3751 -18,4271 -19,4688 -20,4886 -21,4754 -22,4199 
-3,7772 -4,3436 -4,8662 -5,3574 -5,8306 -6,3000 -6,7792 -7,2813 -7,8181 -8,3995 -9,0334 -9,7251 -10,4772 -11,2895 -12,1592 -13,0809 -14,0469 -15,0476 -16,0718 -17,1074 -18,1418 -19,1622 -20,1564 -21,1125 -22,0189 
-3,4389 -4,0101 -4,5391 -5,0381 -5,5205 -6,0000 -6,4900 -7,0032 -7,5510 -8,1429 -8,7864 -9,4863 -10,2449 -11,0617 -11,9334 -12,8544 -13,8165 -14,8100 -15,8233 -16,8440 -17,8589 -18,8542 -19,8155 -20,7261 -21,5578 
Массив данных x:-5,5000 -2,5000 -2,0000 -6,5000 -4,5000 -3,5000 -7,0000 -6,0000 -5,0000 -4,0000 -3,0000 -6,9000 -6,4000 -5,9000 -2,7000 -2,2000 -4,9000 -5,4000 -4,4000 -3,2000 -3,7000 -6,8000 -6,3000 -5,8000 -5,3000 -4,8000 -4,3000 -3,4000 -3,9000 -2,4000 -2,9000 -5,2000 -5,7000 -4,7000 -6,2000 -4,2000 -6,7000 -2,1000 -2,6000 -3,6000 -3,1000 -4,6000 -4,1000 -3,8000 -6,6000 -6,1000 -3,3000 -2,3000 -5,6000 -5,1000 -2,8000 
Массив данных y:2,0000 3,0000 1,4000 3,2000 2,2000 1,8000 2,4000 3,4000 -0,0000 1,2000 3,6000 2,6000 0,6000 -0,6000 0,4000 -0,4000 0,2000 -0,2000 1,6000 2,8000 3,8000 -0,8000 0,8000 -1,0000 1,0000 