
 PRINT EPTO NODAL SOLUTION PER NODE
 
  ***** POST1 NODAL TOTAL STRAIN LISTING *****                                 
  PowerGraphics Is Currently Enabled                                           
 
  LOAD STEP=     1  SUBSTEP=    20                                             
   TIME=    1.0000      LOAD CASE=   0                                         
  NODAL RESULTS ARE FOR MATERIAL   1                                           
 
  THE FOLLOWING X,Y,Z VALUES ARE IN GLOBAL COORDINATES                         
 
    NODE     EPTOX        EPTOY        EPTOZ        EPTOXY       EPTOYZ       EPTOXZ  
    6211 -0.45634E-004 0.27076E-004 0.77786E-004 0.20759E-005  0.0000       0.0000     
    6271  0.14281E-003-0.60483E-003 0.14280E-003 0.13387E-010  0.0000       0.0000
    6272 -0.43650E-004 0.21318E-004 0.79615E-004 0.18041E-005  0.0000       0.0000     
    6273 -0.41702E-004 0.14712E-004 0.80417E-004 0.18330E-005  0.0000       0.0000     
    6274 -0.39731E-004 0.81129E-005 0.81222E-004 0.18572E-005  0.0000       0.0000     
    6275 -0.37789E-004 0.15565E-005 0.82019E-004 0.18796E-005  0.0000       0.0000     
    6276 -0.35869E-004-0.49695E-005 0.82815E-004 0.19041E-005  0.0000       0.0000     
    6277 -0.33967E-004-0.11471E-004 0.83608E-004 0.19266E-005  0.0000       0.0000     
    6278 -0.32074E-004-0.17957E-004 0.84400E-004 0.19481E-005  0.0000       0.0000     
    6279 -0.30184E-004-0.24437E-004 0.85189E-004 0.19679E-005  0.0000       0.0000     
    6280 -0.28286E-004-0.30922E-004 0.85976E-004 0.19861E-005  0.0000       0.0000     
    6281 -0.26372E-004-0.37421E-004 0.86760E-004 0.20028E-005  0.0000       0.0000     
    6282 -0.24435E-004-0.43944E-004 0.87543E-004 0.20178E-005  0.0000       0.0000     
    6283 -0.22466E-004-0.50500E-004 0.88323E-004 0.20315E-005  0.0000       0.0000     
    6284 -0.20458E-004-0.57096E-004 0.89100E-004 0.20440E-005  0.0000       0.0000     
    6285 -0.18408E-004-0.63737E-004 0.89873E-004 0.20554E-005  0.0000       0.0000     
    6286 -0.16310E-004-0.70429E-004 0.90643E-004 0.20662E-005  0.0000       0.0000     
    6287 -0.14162E-004-0.77173E-004 0.91409E-004 0.20764E-005  0.0000       0.0000     
    6288 -0.11963E-004-0.83972E-004 0.92171E-004 0.20864E-005  0.0000       0.0000     
    6289 -0.97126E-005-0.90823E-004 0.92927E-004 0.20964E-005  0.0000       0.0000     
    6290 -0.74134E-005-0.97724E-004 0.93678E-004 0.21068E-005  0.0000       0.0000     
    6291 -0.50683E-005-0.10467E-003 0.94424E-004 0.21177E-005  0.0000       0.0000     
    6292 -0.26814E-005-0.11166E-003 0.95162E-004 0.21294E-005  0.0000       0.0000     
    6293 -0.25833E-006-0.11868E-003 0.95894E-004 0.21420E-005  0.0000       0.0000     
    6294  0.21947E-005-0.12573E-003 0.96619E-004 0.21557E-005  0.0000       0.0000     
    6295  0.46705E-005-0.13279E-003 0.97336E-004 0.21705E-005  0.0000       0.0000     
    6296  0.71615E-005-0.13987E-003 0.98044E-004 0.21866E-005  0.0000       0.0000     
    6297  0.96597E-005-0.14693E-003 0.98745E-004 0.22040E-005  0.0000       0.0000     
    6298  0.12157E-004-0.15399E-003 0.99437E-004 0.22226E-005  0.0000       0.0000     
    6299  0.14645E-004-0.16103E-003 0.10012E-003 0.22423E-005  0.0000       0.0000     
    6300  0.17116E-004-0.16803E-003 0.10079E-003 0.22632E-005  0.0000       0.0000     
    6301  0.19563E-004-0.17499E-003 0.10146E-003 0.22849E-005  0.0000       0.0000     
    6302  0.21978E-004-0.18190E-003 0.10212E-003 0.23075E-005  0.0000       0.0000     
    6303  0.24355E-004-0.18874E-003 0.10276E-003 0.23306E-005  0.0000       0.0000     
    6304  0.26687E-004-0.19553E-003 0.10340E-003 0.23541E-005  0.0000       0.0000     
    6305  0.28970E-004-0.20224E-003 0.10403E-003 0.23778E-005  0.0000       0.0000     
    6306  0.31200E-004-0.20887E-003 0.10465E-003 0.24015E-005  0.0000       0.0000     
    6307  0.33373E-004-0.21541E-003 0.10527E-003 0.24248E-005  0.0000       0.0000     
    6308  0.35486E-004-0.22187E-003 0.10587E-003 0.24477E-005  0.0000       0.0000     
    6309  0.37538E-004-0.22824E-003 0.10647E-003 0.24699E-005  0.0000       0.0000     
    6310  0.39528E-004-0.23452E-003 0.10706E-003 0.24913E-005  0.0000       0.0000     
    6311  0.41455E-004-0.24071E-003 0.10764E-003 0.25115E-005  0.0000       0.0000     
    6312  0.43320E-004-0.24681E-003 0.10822E-003 0.25305E-005  0.0000       0.0000     
    6313  0.45124E-004-0.25281E-003 0.10879E-003 0.25481E-005  0.0000       0.0000     
    6314  0.46869E-004-0.25872E-003 0.10936E-003 0.25642E-005  0.0000       0.0000     
    6315  0.48557E-004-0.26455E-003 0.10992E-003 0.25787E-005  0.0000       0.0000     
    6316  0.50191E-004-0.27029E-003 0.11047E-003 0.25915E-005  0.0000       0.0000     
    6317  0.51773E-004-0.27595E-003 0.11102E-003 0.26025E-005  0.0000       0.0000     
    6318  0.53308E-004-0.28153E-003 0.11157E-003 0.26117E-005  0.0000       0.0000     
    6319  0.54798E-004-0.28704E-003 0.11211E-003 0.26191E-005  0.0000       0.0000     
    6320  0.56248E-004-0.29247E-003 0.11265E-003 0.26246E-005  0.0000       0.0000     
    6321  0.57660E-004-0.29784E-003 0.11319E-003 0.26284E-005  0.0000       0.0000     
    6322  0.59040E-004-0.30315E-003 0.11372E-003 0.26303E-005  0.0000       0.0000     
    6323  0.60391E-004-0.30840E-003 0.11425E-003 0.26305E-005  0.0000       0.0000     
    6324  0.61716E-004-0.31359E-003 0.11477E-003 0.26290E-005  0.0000       0.0000     
    6325  0.63019E-004-0.31874E-003 0.11530E-003 0.26259E-005  0.0000       0.0000     
    6326  0.64303E-004-0.32384E-003 0.11582E-003 0.26212E-005  0.0000       0.0000     
    6327  0.65573E-004-0.32889E-003 0.11634E-003 0.26150E-005  0.0000       0.0000     
    6328  0.66830E-004-0.33391E-003 0.11685E-003 0.26074E-005  0.0000       0.0000     
    6329  0.68078E-004-0.33888E-003 0.11737E-003 0.25985E-005  0.0000       0.0000     
    6330  0.69320E-004-0.34383E-003 0.11788E-003 0.25883E-005  0.0000       0.0000     
    6331  0.70557E-004-0.34874E-003 0.11839E-003 0.25770E-005  0.0000       0.0000     
    6332  0.71793E-004-0.35363E-003 0.11890E-003 0.25647E-005  0.0000       0.0000     
    6333  0.73027E-004-0.35849E-003 0.11940E-003 0.25514E-005  0.0000       0.0000     
    6334  0.74264E-004-0.36332E-003 0.11990E-003 0.25372E-005  0.0000       0.0000     
    6335  0.75503E-004-0.36812E-003 0.12040E-003 0.25222E-005  0.0000       0.0000     
    6336  0.76745E-004-0.37291E-003 0.12090E-003 0.25065E-005  0.0000       0.0000     
    6337  0.77992E-004-0.37767E-003 0.12140E-003 0.24901E-005  0.0000       0.0000     
    6338  0.79244E-004-0.38241E-003 0.12189E-003 0.24732E-005  0.0000       0.0000     
    6339  0.80502E-004-0.38712E-003 0.12238E-003 0.24558E-005  0.0000       0.0000     
    6340  0.81765E-004-0.39182E-003 0.12286E-003 0.24380E-005  0.0000       0.0000     
    6341  0.83033E-004-0.39649E-003 0.12334E-003 0.24198E-005  0.0000       0.0000     
    6342  0.84307E-004-0.40113E-003 0.12382E-003 0.24012E-005  0.0000       0.0000     
    6343  0.85585E-004-0.40576E-003 0.12430E-003 0.23824E-005  0.0000       0.0000     
    6344  0.86867E-004-0.41035E-003 0.12477E-003 0.23634E-005  0.0000       0.0000     
    6345  0.88153E-004-0.41492E-003 0.12523E-003 0.23442E-005  0.0000       0.0000     
    6346  0.89442E-004-0.41947E-003 0.12569E-003 0.23249E-005  0.0000       0.0000     
    6347  0.90732E-004-0.42398E-003 0.12615E-003 0.23054E-005  0.0000       0.0000     
    6348  0.92022E-004-0.42846E-003 0.12660E-003 0.22858E-005  0.0000       0.0000     
    6349  0.93312E-004-0.43291E-003 0.12705E-003 0.22662E-005  0.0000       0.0000     
    6350  0.94600E-004-0.43732E-003 0.12749E-003 0.22464E-005  0.0000       0.0000     
    6351  0.95885E-004-0.44170E-003 0.12793E-003 0.22267E-005  0.0000       0.0000     
    6352  0.97165E-004-0.44604E-003 0.12836E-003 0.22068E-005  0.0000       0.0000     
    6353  0.98440E-004-0.45034E-003 0.12878E-003 0.21869E-005  0.0000       0.0000     
    6354  0.99708E-004-0.45460E-003 0.12920E-003 0.21669E-005  0.0000       0.0000     
    6355  0.10097E-003-0.45881E-003 0.12961E-003 0.21469E-005  0.0000       0.0000     
    6356  0.10222E-003-0.46298E-003 0.13002E-003 0.21268E-005  0.0000       0.0000     
    6357  0.10346E-003-0.46710E-003 0.13042E-003 0.21066E-005  0.0000       0.0000     
    6358  0.10468E-003-0.47118E-003 0.13082E-003 0.20863E-005  0.0000       0.0000     
    6359  0.10590E-003-0.47520E-003 0.13120E-003 0.20659E-005  0.0000       0.0000     
    6360  0.10710E-003-0.47917E-003 0.13158E-003 0.20453E-005  0.0000       0.0000     
    6361  0.10828E-003-0.48308E-003 0.13196E-003 0.20245E-005  0.0000       0.0000     
    6362  0.10945E-003-0.48694E-003 0.13232E-003 0.20036E-005  0.0000       0.0000     
    6363  0.11060E-003-0.49075E-003 0.13268E-003 0.19825E-005  0.0000       0.0000     
    6364  0.11173E-003-0.49449E-003 0.13304E-003 0.19611E-005  0.0000       0.0000     
    6365  0.11284E-003-0.49818E-003 0.13338E-003 0.19395E-005  0.0000       0.0000     
    6366  0.11393E-003-0.50181E-003 0.13372E-003 0.19176E-005  0.0000       0.0000     
    6367  0.11501E-003-0.50537E-003 0.13406E-003 0.18953E-005  0.0000       0.0000     
    6368  0.11606E-003-0.50888E-003 0.13438E-003 0.18728E-005  0.0000       0.0000     
    6369  0.11709E-003-0.51232E-003 0.13470E-003 0.18499E-005  0.0000       0.0000     
    6370  0.11810E-003-0.51570E-003 0.13501E-003 0.18267E-005  0.0000       0.0000     
    6371  0.11909E-003-0.51901E-003 0.13531E-003 0.18031E-005  0.0000       0.0000     
    6372  0.12005E-003-0.52226E-003 0.13561E-003 0.17791E-005  0.0000       0.0000     
    6373  0.12099E-003-0.52545E-003 0.13590E-003 0.17547E-005  0.0000       0.0000     
    6374  0.12191E-003-0.52857E-003 0.13619E-003 0.17298E-005  0.0000       0.0000     
    6375  0.12281E-003-0.53162E-003 0.13646E-003 0.17046E-005  0.0000       0.0000     
    6376  0.12368E-003-0.53461E-003 0.13673E-003 0.16788E-005  0.0000       0.0000     
    6377  0.12454E-003-0.53754E-003 0.13700E-003 0.16527E-005  0.0000       0.0000     
    6378  0.12536E-003-0.54040E-003 0.13725E-003 0.16261E-005  0.0000       0.0000     
    6379  0.12617E-003-0.54319E-003 0.13750E-003 0.15990E-005  0.0000       0.0000     
    6380  0.12696E-003-0.54592E-003 0.13775E-003 0.15715E-005  0.0000       0.0000     
    6381  0.12772E-003-0.54859E-003 0.13798E-003 0.15436E-005  0.0000       0.0000     
    6382  0.12846E-003-0.55118E-003 0.13821E-003 0.15152E-005  0.0000       0.0000     
    6383  0.12917E-003-0.55372E-003 0.13844E-003 0.14863E-005  0.0000       0.0000     
    6384  0.12987E-003-0.55619E-003 0.13865E-003 0.14571E-005  0.0000       0.0000     
    6385  0.13055E-003-0.55859E-003 0.13887E-003 0.14273E-005  0.0000       0.0000     
    6386  0.13120E-003-0.56093E-003 0.13907E-003 0.13972E-005  0.0000       0.0000     
    6387  0.13183E-003-0.56321E-003 0.13927E-003 0.13667E-005  0.0000       0.0000     
    6388  0.13245E-003-0.56542E-003 0.13946E-003 0.13357E-005  0.0000       0.0000     
    6389  0.13304E-003-0.56757E-003 0.13965E-003 0.13043E-005  0.0000       0.0000     
    6390  0.13361E-003-0.56965E-003 0.13983E-003 0.12726E-005  0.0000       0.0000     
    6391  0.13416E-003-0.57167E-003 0.14001E-003 0.12405E-005  0.0000       0.0000     
    6392  0.13469E-003-0.57363E-003 0.14018E-003 0.12080E-005  0.0000       0.0000     
    6393  0.13521E-003-0.57553E-003 0.14034E-003 0.11752E-005  0.0000       0.0000     
    6394  0.13570E-003-0.57736E-003 0.14050E-003 0.11420E-005  0.0000       0.0000     
    6395  0.13618E-003-0.57914E-003 0.14065E-003 0.11085E-005  0.0000       0.0000     
    6396  0.13664E-003-0.58085E-003 0.14079E-003 0.10747E-005  0.0000       0.0000     
    6397  0.13707E-003-0.58250E-003 0.14094E-003 0.10406E-005  0.0000       0.0000     
    6398  0.13750E-003-0.58409E-003 0.14107E-003 0.10062E-005  0.0000       0.0000     
    6399  0.13790E-003-0.58562E-003 0.14120E-003 0.97147E-006  0.0000       0.0000     
    6400  0.13828E-003-0.58708E-003 0.14132E-003 0.93649E-006  0.0000       0.0000     
    6401  0.13865E-003-0.58849E-003 0.14144E-003 0.90124E-006  0.0000       0.0000     
    6402  0.13900E-003-0.58984E-003 0.14156E-003 0.86574E-006  0.0000       0.0000     
    6403  0.13934E-003-0.59113E-003 0.14167E-003 0.82999E-006  0.0000       0.0000     
    6404  0.13966E-003-0.59235E-003 0.14177E-003 0.79400E-006  0.0000       0.0000     
    6405  0.13996E-003-0.59352E-003 0.14187E-003 0.75778E-006  0.0000       0.0000     
    6406  0.14024E-003-0.59463E-003 0.14196E-003 0.72134E-006  0.0000       0.0000     
    6407  0.14051E-003-0.59568E-003 0.14205E-003 0.68468E-006  0.0000       0.0000     
    6408  0.14076E-003-0.59668E-003 0.14213E-003 0.64783E-006  0.0000       0.0000     
    6409  0.14100E-003-0.59761E-003 0.14221E-003 0.61078E-006  0.0000       0.0000
Минимальное значение: 1.5565E-6
Максимальное значение: 1.428E-4
Среднее значение: 1.1678365285714281E-4
Отклонение от среднего значения:
-8.970765285714282E-5 2.6016347142857188E-5 -9.546565285714281E-5 -1.0207165285714281E-4 -1.0867075285714281E-4 -1.1522715285714281E-4 -3.3968652857142815E-5 -3.317565285714281E-5 -3.238365285714281E-5 -3.1594652857142814E-5 -3.080765285714281E-5 -3.002365285714281E-5 -2.9240652857142815E-5 -2.8460652857142813E-5 -2.7683652857142817E-5 -2.6910652857142816E-5 -2.6140652857142808E-5 -2.537465285714281E-5 -2.461265285714282E-5 -2.3856652857142814E-5 -2.3105652857142807E-5 -2.235965285714281E-5 -2.162165285714282E-5 -2.0889652857142814E-5 -2.016465285714281E-5 -1.944765285714281E-5 -1.8739652857142816E-5 -1.803865285714281E-5 -1.734665285714281E-5 -1.6663652857142817E-5 -1.5993652857142812E-5 -1.532365285714282E-5 -1.466365285714281E-5 -1.4023652857142815E-5 -1.3383652857142808E-5 -1.2753652857142809E-5 -1.2133652857142818E-5 -1.1513652857142814E-5 -1.0913652857142813E-5 -1.0313652857142812E-5 -9.72365285714282E-6 -9.143652857142808E-6 -8.56365285714281E-6 -7.99365285714282E-6 -7.4236528571428175E-6 -6.863652857142809E-6 -6.3136528571428095E-6 -5.76365285714281E-6 -5.21365285714281E-6 -4.6736528571428185E-6 -4.1336528571428135E-6 -3.5936528571428085E-6 -3.063652857142812E-6 -2.5336528571428152E-6 -2.0136528571428134E-6 -1.4836528571428168E-6 -9.63652857142815E-7 -4.436528571428132E-7 6.634714285718021E-8 5.86347142857182E-7 1.096347142857189E-6 1.6063471428571824E-6 2.1163471428571894E-6 2.616347142857188E-6 3.1163471428571866E-6 3.616347142857185E-6 4.116347142857184E-6 4.616347142857182E-6 5.106347142857186E-6 5.59634714285719E-6 6.076347142857185E-6 6.556347142857181E-6 7.036347142857176E-6 7.516347142857199E-6 7.9863471428572E-6 8.446347142857178E-6 8.906347142857184E-6 9.36634714285719E-6 9.816347142857173E-6 1.0266347142857184E-5 1.0706347142857173E-5 1.114634714285719E-5 1.1576347142857184E-5 1.1996347142857183E-5 1.2416347142857182E-5 1.2826347142857187E-5 1.3236347142857191E-5 1.3636347142857174E-5 1.4036347142857184E-5 1.4416347142857177E-5 1.4796347142857197E-5 1.517634714285719E-5 1.5536347142857193E-5 1.5896347142857196E-5 1.6256347142857173E-5 1.6596347142857186E-5 1.6936347142857173E-5 1.7276347142857187E-5 1.7596347142857183E-5 1.791634714285718E-5 1.8226347142857183E-5 1.852634714285719E-5 1.8826347142857197E-5 1.9116347142857182E-5 1.9406347142857195E-5 1.967634714285719E-5 1.9946347142857186E-5 2.0216347142857182E-5 2.0466347142857188E-5 2.0716347142857194E-5 2.0966347142857173E-5 2.119634714285719E-5 2.142634714285718E-5 2.1656347142857195E-5 2.1866347142857195E-5 2.208634714285719E-5 2.2286347142857194E-5 2.24863471428572E-5 2.2676347142857182E-5 2.2866347142857192E-5 2.304634714285718E-5 2.3226347142857196E-5 2.339634714285719E-5 2.3556347142857187E-5 2.3716347142857186E-5 2.386634714285719E-5 2.40063471428572E-5 2.4156347142857175E-5 2.428634714285719E-5 2.4416347142857176E-5 2.4536347142857195E-5 2.4656347142857187E-5 2.477634714285718E-5 2.4886347142857176E-5 2.498634714285718E-5 2.508634714285718E-5 2.517634714285719E-5 2.5266347142857196E-5 2.5346347142857182E-5 2.5426347142857195E-5 
